defaultdict(<class 'list'>, {'miusov': [7, 3, 7, 3, 5, 5, 5, 4, 1], 'as': [8, 5,
8, 5, 7, 6, 5, 8], 'a': [23, 32, 21, 32, 23, 27, 25, 24, 17], 'man': [4, 4, 4,
4], 'of': [36, 33, 33, 35, 33, 32, 33, 30, 15], 'breeding': [1, 1, 1, 1], 'and':
[71, 59, 67, 65, 60, 63, 51, 68, 22], 'deilcacy': [1, 1, 1, 1], 'could': [5, 4,
5, 4, 5, 3, 4, 5, 1], 'not': [14, 14, 12, 17, 11, 16, 11, 15, 5], 'but': [14,
14, 15, 14, 15, 12, 14, 13, 9], 'feel': [2, 2, 2, 1, 1], 'some': [2, 1, 3, 1, 3,
1, 3, 2], 'inwrd': [1, 1, 1, 1], 'qualms': [1, 1, 1, 1], 'when': [6, 7, 7, 4, 3,
1], 'he': [69, 35, 63, 42, 56, 41, 38, 56, 20], 'reached': [1, 1, 1, 1, 1, 1, 1,
1], 'the': [85, 73, 81, 79, 76, 69, 68, 82, 29], 'father': [17, 11, 15, 13, 15,
12, 13, 12, 4], 'superiors': [4, 4, 4, 2, 2], 'with': [19, 11, 18, 12, 16, 11,
15, 12, 6], 'ivan': [4, 7, 7, 5, 9, 1, 13, 9], 'felt': [7, 2, 7, 2, 6, 3, 4, 4,
1], 'ashamed': [2, 2, 2, 1, 1], 'havin': [1, 1, 1, 1], 'lost': [1, 1, 1, 1],
'his': [32, 19, 32, 19, 30, 17, 24, 23, 11], 'temper': [2, 2, 2, 2], 'that':
[27, 21, 23, 24, 21, 24, 14, 29, 9], 'ought': [1, 1, 1, 1], 'to': [51, 45, 49,
47, 41, 45, 35, 52, 19], 'have': [9, 12, 10, 12, 10, 12, 7, 12, 4], 'disdaimed':
[1, 1, 1, 1], 'despicable': [1, 1, 1, 1], 'wretch': [1, 1, 1, 1], 'fyodor': [5,
10, 5, 8, 7, 7, 8, 8, 6], 'pavlovitch': [5, 10, 5, 8, 7, 7, 8, 8, 6], 'too': [2,
6, 2, 7, 2, 5, 4, 5, 3], 'much': [5, 1, 6, 1, 6, 1, 4, 3, 1], 'been': [5, 6, 5,
6, 5, 6, 3, 8], 'upset': [1, 1, 1, 1], 'by': [4, 8, 3, 9, 3, 6, 6, 4, 5], 'him':
[12, 12, 10, 14, 9, 8, 11, 11, 9], 'in': [35, 28, 30, 33, 27, 27, 29, 30, 13],
'zossimas': [3, 3, 3, 3], 'cell': [3, 3, 3, 3, 3, 3, 2, 4], 'so': [9, 12, 9, 13,
9, 13, 3, 15, 5], 'forgotten': [1, 1, 1, 1], 'himself': [8, 4, 8, 4, 7, 4, 3, 8,
2], 'teh': [1, 1, 1, 1, 1, 1, 1, 1], 'monks': [3, 1, 2, 2, 2, 2, 2, 2], 'were':
[13, 11, 2, 11, 2, 10, 3], 'blame': [2, 2, 2, 2], 'any': [1, 1, 1, 1, 1, 1, 1,
1], 'case': [2, 1, 1, 1, 1, 1, 1], 'reflceted': [1, 1, 1, 1], 'on': [6, 14, 6,
14, 6, 9, 8, 9, 8], 'steps': [3, 3, 3, 1, 2], 'if': [4, 1, 3, 1, 3, 1, 3],
'theyre': [1, 1, 1, 1], 'decent': [1, 1, 1, 1], 'people': [2, 1, 2, 1, 2, 1, 1,
2], 'here': [2, 6, 2, 6, 2, 6, 1, 6, 1], 'superior': [9, 5, 7, 7, 6, 8, 5, 8,
1], 'i': [31, 38, 23, 47, 18, 48, 7, 54, 14], 'understand': [1, 2, 1, 2, 1, 2,
1, 2], 'is': [13, 13, 5, 21, 3, 23, 2, 20, 4], 'nobleman': [1, 1, 1, 1], 'why':
[3, 8, 2, 5, 6, 4, 6, 5, 5], 'be': [8, 10, 8, 11, 7, 10, 5, 12, 5], 'friendly':
[1, 1, 1, 1], 'courteous': [1, 1, 1, 1], 'withthem': [1, 1, 1, 1], 'wont': [2,
1, 1, 1, 1, 1, 1], 'argue': [1, 1, 1, 1], 'ill': [3, 1, 3, 1, 3, 1, 2, 1, 1],
'fall': [2, 1, 2, 1, 2, 3, 1], 'everything': [2, 2, 2, 2], 'win': [1, 1, 1, 1],
'them': [7, 1, 7, 1, 7, 1, 3, 5], 'politness': [1, 1, 1, 1], 'show': [2, 2, 2,
1, 1], 'ive': [1, 2, 1, 2, 1, 2, 1, 1, 1], 'nothing': [4, 1, 4, 1, 4, 1, 1, 4],
'do': [7, 4, 5, 5, 6, 5, 4, 7, 1], 'aesop': [1, 1, 1, 1], 'thta': [1, 1, 1, 1],
'buffoon': [2, 2, 2, 2, 2, 2, 1, 3], 'pierrot': [1, 1, 1, 1], 'merely': [1, 1,
1, 1], 'takken': [1, 1, 1, 1], 'over': [2, 1, 2, 1, 2, 1, 1, 1, 1], 'this': [7,
8, 5, 9, 5, 9, 5, 8, 4], 'affair': [1, 1, 1, 1], 'just': [1, 1, 1, 1, 1, 1, 1,
1], 'they': [8, 2, 8, 3, 8, 3, 5, 6], 'determined': [1, 1, 1, 1], 'drop': [1, 2,
2, 2, 1], 'litigation': [1, 1, 1, 1], 'monastry': [1, 1, 1, 1], 'relinguish':
[1, 1, 1, 1], 'claims': [1, 1, 1, 1], 'woodcuting': [1, 1, 1, 1], 'fishery': [1,
1, 1, 1], 'rihgts': [1, 1, 1, 1], 'at': [12, 12, 13, 11, 11, 9, 10, 13, 8],
'once': [3, 2, 3, 2, 2, 3, 1, 4], 'was': [29, 18, 25, 21, 25, 18, 27, 16, 13],
'more': [2, 2, 2, 2, 2, 2, 2, 1, 1], 'ready': [1, 1, 1, 1, 1, 1, 1, 1],
'becuase': [1, 1, 1, 1], 'rights': [1, 1, 1, 1], 'had': [17, 13, 17, 12, 17, 11,
9, 19, 5], 'becom': [1, 1, 1, 1], 'less': [1, 1, 1, 1], 'valuable': [1, 1, 1,
1], 'indeed': [2, 2, 2, 1, 1], 'vaguest': [1, 1, 1, 1], 'idea': [2, 2, 2, 1, 1],
'where': [2, 1, 2, 1, 2, 1, 2, 1], 'wood': [1, 1, 1, 1], 'river': [1, 1, 1, 1],
'quedtion': [1, 1, 1, 1], 'these': [3, 3, 3, 3], 'excellant': [1, 1, 1, 1],
'intentions': [1, 1, 1, 1], 'strengthed': [1, 1, 1, 1], 'enterd': [1, 1, 1, 1],
'diniingroom': [1, 1, 1, 1], 'though': [2, 2, 3, 2, 3, 2, 2, 3, 1], 'stricttly':
[1, 1, 1, 1], 'speakin': [2, 2, 2, 2], 'it': [12, 36, 9, 37, 10, 35, 10, 30,
17], 'diningroom': [2, 2, 2, 1, 1], 'for': [12, 15, 10, 16, 10, 16, 5, 17, 7],
'only': [3, 4, 3, 4, 3, 4, 2, 4, 1], 'two': [3, 2, 4, 6, 6, 3], 'rooms': [2, 2,
2, 2], 'alltogether': [1, 1, 1, 1], 'however': [1, 1, 1, 1], 'larger': [1, 1, 1,
1], 'comfortable': [1, 1, 1, 1], 'than': [3, 3, 3, 1, 2], 'tehre': [1, 1, 1, 1],
'no': [10, 10, 10, 10, 8, 12, 6, 11, 7], 'great': [1, 3, 1, 3, 1, 3, 1, 1, 2],
'luxury': [1, 1, 1, 1], 'about': [5, 5, 4, 6, 3, 6, 4, 5, 2], 'furnishng': [1,
1, 1, 1], 'eithar': [1, 1, 1, 1], 'furniture': [1, 1, 1, 1], 'mohogany': [1, 1,
1, 1], 'covered': [1, 1, 1, 1], 'leather': [1, 1, 1, 1], 'oldfashionned': [1, 1,
1, 1], 'style': [2, 2, 1, 1, 1, 1], '': [7, 9, 6, 10, 6, 9, 5, 11, 1], 'floor':
[1, 1, 1, 1], 'even': [2, 4, 2, 4, 2, 3, 3, 3, 1], 'stained': [1, 1, 1, 1],
'evreything': [1, 1, 1, 1], 'shining': [1, 1, 1, 1], 'cleanlyness': [1, 1, 1,
1], 'there': [5, 7, 5, 7, 5, 5, 6, 5, 3], 'many': [1, 2, 1, 2, 1, 2, 1, 1, 1],
'chioce': [1, 1, 1, 1], 'flowers': [1, 1, 1, 1], 'windows': [1, 1, 1, 1],
'most': [6, 1, 7, 1, 4, 4, 4, 3, 2], 'sumptuous': [1, 1, 1, 1], 'thing': [1, 2,
1, 2, 1, 2, 1, 2], 'room': [3, 2, 3, 2, 3, 2, 2, 2, 1], 'moment': [6, 1, 6, 1,
5, 1, 2, 5, 1], 'course': [3, 2, 1, 2, 1, 2, 1], 'beatifuly': [1, 1, 1, 1],
'decorated': [1, 1, 1, 1], 'table': [5, 2, 5, 2, 4, 3, 2, 4, 1], 'cloth': [1, 1,
1, 1], 'clean': [1, 1, 1, 1], 'service': [1, 1, 1, 1], 'shone': [1, 1, 1, 1],
'three': [1, 1, 1, 1], 'kinds': [1, 1, 1, 1], 'wellbaked': [1, 1, 1, 1],
'bread': [1, 1, 1, 1], 'bottles': [1, 1, 1, 1, 1, 1, 1, 1], 'wine': [1, 1, 1, 1,
1, 1, 1, 1], 'excellent': [1, 1, 1, 1], 'mead': [1, 1, 1, 1, 1, 1, 1, 1],
'large': [1, 1, 1, 1], 'glass': [1, 1, 1, 1], 'jug': [1, 1, 1, 1], 'kvas': [1,
1, 1, 1], 'both': [1, 1, 1, 1], 'latter': [1, 1, 1, 1], 'made': [2, 2, 3, 1, 4,
1, 4, 1, 2], 'monastery': [3, 5, 4, 4, 5, 4, 4, 3, 4], 'famous': [1, 1, 1, 1],
'neigborhood': [1, 1, 1, 1], 'vodka': [1, 1, 1, 1], 'rakitin': [4, 2, 4, 2, 4,
6, 2], 'related': [1, 1, 1, 1], 'afterwards': [1, 1, 1, 1], 'five': [1, 1, 1,
1], 'dishes': [1, 1, 1, 1], 'fishsuop': [1, 1, 1, 1], 'sterlets': [1, 1, 1, 1],
'served': [2, 2, 2, 2], 'little': [3, 3, 3, 3], 'fish': [2, 2, 2, 2], 'paties':
[1, 1, 1, 1], 'then': [2, 1, 2, 1, 2, 1, 2, 1], 'boiled': [1, 1, 1, 1],
'spesial': [1, 1, 1, 1], 'way': [1, 2, 2, 2], 'salmon': [1, 1, 1, 1], 'cutlets':
[1, 1, 1, 1], 'ice': [1, 1, 1, 1], 'pudding': [1, 1, 1, 1], 'compote': [1, 1, 1,
1], 'finally': [1, 1, 1, 1], 'blancmange': [1, 1, 1, 1], 'found': [1, 1, 1, 1,
1, 1, 1, 1], 'out': [2, 4, 2, 4, 2, 3, 3, 1, 3], 'all': [11, 7, 12, 6, 11, 8, 4,
13, 3], 'good': [1, 2, 1, 2, 1, 1, 2, 1, 1], 'things': [1, 1, 1, 1, 1, 1, 1, 1],
'resist': [1, 1, 1, 1], 'peeping': [1, 1, 1, 1], 'into': [3, 2, 3, 2, 3, 1, 3,
2, 1], 'kitchen': [1, 1, 1, 1], 'already': [2, 1, 2, 3, 3, 1], 'footing': [1, 1,
1, 1], 'footting': [1, 1, 1, 1], 'everywhere': [1, 1, 1, 1, 1, 1, 1, 1], 'got':
[2, 3, 2, 2, 3, 1, 3, 2, 2], 'informaiton': [1, 1, 1, 1], 'an': [1, 1, 1, 1],
'uneasy': [1, 1, 1, 1], 'envious': [1, 1, 1, 1], 'well': [5, 4, 4, 4, 5, 4, 2,
6, 2], 'aware': [2, 2, 2, 2], 'own': [3, 2, 3, 2, 3, 2, 1, 3, 1],
'considerable': [1, 1, 1, 1], 'abilities': [1, 1, 1, 1], 'nervously': [1, 1, 1,
1], 'exaggerated': [1, 1, 1, 1], 'selfconceit': [1, 1, 1, 1], 'knew': [2, 2, 2,
2, 2, 2, 1, 3], 'would': [4, 2, 5, 2, 5, 2, 3, 4, 1], 'play': [2, 1, 2, 1, 2, 1,
1, 2], 'prominant': [1, 1, 1, 1], 'part': [1, 2, 1, 2, 1, 2, 1, 2], 'sort': [1,
1, 1, 1], 'alyosha': [2, 4, 3, 4, 3, 7, 5], 'who': [3, 3, 1, 5, 1, 4, 2, 3, 2],
'attached': [1, 1, 1, 1], 'distressed': [1, 1, 1, 1], 'see': [1, 2, 1, 2, 1, 2,
1, 2], 'friend': [1, 1, 1, 1], 'dishonorble': [1, 1, 1, 1], 'quite': [4, 1, 4,
1, 4, 4, 1, 1], 'unconscios': [1, 1, 1, 1], 'being': [1, 3, 1, 3, 1, 2, 2, 2,
1], 'considering': [1, 1, 1, 1], 'contrary': [2, 2, 2, 1, 1], 'because': [1, 1,
1, 1, 1, 1, 1, 1], 'steal': [1, 1, 1, 1], 'moneey': [1, 1, 1, 1], 'left': [1, 1,
1, 1, 1, 2, 1], 'highest': [1, 1, 1, 1], 'integrity': [1, 1, 1, 1], 'neither':
[1, 1, 1, 1, 1, 1, 1, 1], 'nor': [1, 2, 1, 2, 1, 2, 1, 2], 'anyone': [1, 1, 1,
1], 'else': [2, 1, 1, 2, 1, 2, 1, 2], 'infleunced': [1, 1, 1, 1], 'person': [1,
1, 1, 1], 'tooo': [1, 1, 1, 1], 'consecuense': [1, 1, 1, 1], 'invited': [3, 3,
3, 3], 'dinner': [2, 2, 2, 2, 2, 1, 2, 1, 2], 'which': [3, 5, 3, 5, 3, 4, 3, 5,
1], 'iosif': [1, 1, 1, 1, 1, 1, 1, 1], 'paissy': [1, 1, 1, 1, 1, 1, 1, 1],
'one': [3, 6, 3, 6, 2, 7, 1, 5, 3], 'othr': [1, 1, 1, 1], 'monk': [1, 1, 1, 1,
1, 1, 1, 1], 'inmates': [1, 1, 1, 1], 'alraedy': [1, 1, 1, 1], 'waiting': [2, 2,
2, 2], 'kalganov': [2, 1, 2, 1, 2, 1, 2, 1], 'arrived': [1, 1, 1, 1], 'other':
[1, 1, 1, 1, 1, 1, 1, 1], 'guest': [2, 2, 1, 1, 1, 1], 'maximov': [4, 2, 2, 4,
2, 2, 3, 3, 2], 'stood': [2, 1, 2, 1, 2, 2, 1, 1], 'aside': [2, 2, 1, 1, 1, 1],
'also': [1, 1, 1, 1], 'stepped': [1, 1, 1, 1], 'middle': [1, 1, 1, 1],
'receive': [2, 2, 2, 2], 'guests': [2, 2, 2, 2], 'tall': [1, 1, 1, 1], 'thin':
[1, 1, 1, 1, 1, 2, 1], 'still': [2, 1, 3, 1, 3, 3, 1, 2], 'vigorous': [1, 1, 1,
1], 'old': [1, 8, 1, 8, 1, 8, 1, 8], 'black': [1, 1, 1, 1], 'hair': [1, 1, 1,
1], 'streakd': [1, 1, 1, 1], 'grey': [1, 1, 1, 1], 'long': [1, 1, 1, 1],
'grave': [1, 1, 1, 1], 'ascetic': [1, 1, 1, 1], 'face': [2, 1, 2, 1, 2, 2, 1,
1], 'bowed': [1, 1, 1, 1, 1, 1, 1, 1], 'silence': [1, 1, 1, 1], 'time': [2, 2,
2, 2, 2, 2, 2, 1, 1], 'approaced': [1, 1, 1, 1], 'blessing': [1, 1, 1, 1],
'tried': [1, 1, 1, 1], 'kiss': [1, 1, 1, 1], 'hand': [2, 1, 2, 1, 2, 1, 2, 1],
'drew': [1, 1, 1, 1], 'back': [1, 1, 1, 1, 1, 1, 1, 1], 'aboid': [1, 1, 1, 1],
'salute': [1, 1, 1, 1], 'went': [1, 2, 1, 2, 1, 2, 1, 1, 1], 'through': [1, 1,
1, 1], 'ceremony': [1, 1, 1, 1], 'simplehearted': [1, 1, 1, 1], 'complete': [1,
1, 1, 1], 'manner': [1, 1, 1, 1], 'kissing': [1, 1, 1, 1], 'peesants': [1, 1, 1,
1], 'we': [2, 5, 3, 5, 3, 5, 2, 4, 3], 'must': [2, 4, 2, 4, 2, 3, 2, 3, 2],
'apologize': [1, 1, 1, 1], 'humbly': [1, 1, 1, 1], 'your': [8, 5, 7, 6, 4, 8, 5,
5, 4], 'reverance': [2, 2, 2, 2], 'began': [2, 2, 2, 1, 1], 'simpering': [1, 1,
1, 1], 'affably': [1, 1, 1, 1], 'dignified': [1, 1, 1, 1], 'respecful': [1, 1,
1, 1], 'tone': [1, 1, 1, 1], 'pardonus': [1, 1, 1, 1], 'having': [1, 1, 1, 1],
'come': [2, 4, 2, 4, 1, 4, 2, 2, 3], 'alone': [1, 1, 1, 1], 'without': [1, 4, 1,
4, 1, 2, 3, 2, 2], 'genttleman': [1, 1, 1, 1], 'you': [20, 40, 12, 41, 18, 36,
22, 29, 30], 'obliged': [1, 1, 1, 1], 'decline': [1, 1, 1, 1], 'honor': [1, 1,
1, 1, 1, 1, 1, 1], 'hospitalty': [1, 1, 1, 1], 'wihtout': [1, 1, 1, 1],
'reason': [1, 1, 1, 1], 'reverand': [1, 1, 1, 1], 'carried': [1, 2, 1, 2, 1, 2,
1, 1, 1], 'away': [3, 6, 3, 7, 4, 5, 6, 3, 6], 'unhappy': [1, 1, 1, 1],
'dissention': [1, 1, 1, 1], 'son': [2, 5, 2, 4, 3, 4, 3, 2, 3], 'let': [3, 2, 3,
2, 3, 1, 2, 3, 1], 'words': [3, 1, 3, 1, 3, 1, 1, 3], 'keeping': [1, 1, 1, 1],
'fact': [1, 1, 1, 1], 'unseamly': [1, 1, 1, 1], 'glanced': [1, 1, 1, 1],
'doubt': [1, 1, 1, 1], 'therefore': [1, 1, 1, 1], 'recognising': [1, 1, 1, 1],
'sincere': [1, 1, 1, 1], 'regret': [1, 1, 1, 1], 'shame': [2, 2, 2, 1, 1],
'begged': [1, 1, 1, 1], 'me': [8, 19, 6, 21, 5, 20, 3, 14, 12], 'fyodorovitch':
[1, 1, 1, 1, 1, 1, 1, 1], 'convey': [1, 1, 1, 1], 'apologees': [1, 1, 1, 1],
'regrets': [1, 1, 1, 1], 'brief': [1, 1, 1, 1], 'hopes': [1, 1, 1, 1],
'desires': [1, 1, 1, 1], 'make': [1, 1, 1, 1], 'amends': [1, 1, 1, 1], 'later':
[1, 1, 1, 1], 'asks': [1, 1, 1, 1], 'blessinq': [1, 1, 1, 1], 'begs': [1, 1, 1,
1], 'forget': [1, 1, 1, 1], 'what': [7, 6, 4, 7, 5, 7, 4, 8, 4], 'has': [3, 5,
2, 6, 2, 6, 1, 5, 2], 'takn': [1, 1, 1, 1], 'place': [1, 1, 1, 1, 1, 1, 1, 1],
'utterred': [1, 1, 1, 1], 'last': [3, 1, 3, 1, 3, 1, 1, 3], 'word': [2, 3, 2, 3,
1, 3, 2, 3, 1], 'terade': [1, 1, 1, 1], 'completely': [1, 1, 1, 1], 'recovered':
[1, 1, 1, 1], 'selfcomplecency': [1, 1, 1, 1], 'traces': [1, 1, 1, 1], 'former':
[1, 1, 1, 1], 'iritation': [1, 1, 1, 1], 'disappaered': [1, 1, 1, 1], 'fuly':
[1, 1, 1, 1], 'sincerelly': [1, 1, 1, 1], 'loved': [1, 1, 1, 1], 'humanity': [1,
1, 1, 1], 'again': [2, 7, 3, 5, 5, 5, 4, 2, 6], 'listened': [1, 1, 1, 1],
'diginity': [1, 1, 1, 1], 'slight': [1, 1, 1, 1], 'bend': [1, 1, 1, 1], 'head':
[2, 1, 2, 1, 1, 2, 1, 1, 1], 'replied': [1, 1, 1, 1], 'sincerly': [1, 1, 1, 1],
'deplore': [1, 1, 1, 1], 'absence': [1, 1, 1, 1], 'perhaps': [2, 1, 2, 1, 2, 1,
3], 'our': [2, 4, 2, 4, 1, 3, 2, 3, 3], 'might': [3, 2, 3, 1, 4, 1, 1, 4, 1],
'learnt': [1, 1, 1, 1], 'like': [1, 2, 1, 2, 1, 2, 3], 'us': [1, 2, 1, 2, 1, 2,
3], 'pray': [1, 1, 1, 1], 'seated': [1, 1, 1, 1], 'gentlemen': [2, 2, 1, 1, 2],
'before': [2, 2, 2, 2, 2, 2, 4], 'holly': [1, 1, 1, 1], 'image': [1, 1, 1, 1],
'say': [3, 4, 2, 5, 2, 3, 2, 4, 3], 'grace': [1, 1, 1, 1], 'aloud': [1, 4, 1, 4,
1, 4, 5], 'bent': [1, 1, 1, 1], 'their': [1, 1, 1, 1], 'heads': [1, 1, 1, 1],
'reverently': [1, 1, 1, 1, 1, 1, 2], 'clasped': [1, 1, 1, 1], 'hands': [1, 1, 1,
1], 'peculier': [1, 1, 1, 1], 'fervor': [1, 1, 1, 1], 'played': [3, 2, 2, 3, 2,
3, 3, 2], 'prank': [1, 1, 1, 1], 'noted': [1, 1, 1, 1, 1, 1, 1, 1], 'realy': [1,
1, 1, 1], 'meant': [1, 1, 1, 1], 'go': [5, 2, 3, 4, 3, 4, 6, 1], 'home': [1, 2,
3, 2, 3, 1, 3, 2, 2], 'really': [1, 1, 1, 1, 1, 1, 2], 'imposibility': [1, 1, 1,
1], 'going': [1, 1, 1, 1, 1, 1, 1, 1], 'dine': [1, 1, 1, 1], 'happenned': [1, 1,
1, 1], 'after': [1, 1, 1, 2, 1, 1, 1], 'disgraceful': [1, 1, 1, 1, 1, 1, 2],
'behavoir': [1, 1, 1, 1], 'elders': [2, 4, 2, 4, 2, 4, 6], 'very': [2, 1, 1, 2,
1, 2, 2, 1], 'unseemly': [1, 1, 1, 1], 'yet': [1, 1, 1, 1, 1, 1, 2],
'hiscreaking': [1, 1, 1, 1], 'carriage': [1, 2, 1, 2, 1, 2, 1, 2], 'hardly': [2,
2, 2, 2], 'brought': [1, 1, 1, 1, 1, 1, 2], 'hotel': [1, 1, 1, 1], 'sudddenly':
[1, 1, 1, 1], 'stoped': [1, 1, 1, 1], 'short': [1, 1, 1, 1, 1, 1, 1, 1],
'remembered': [1, 1, 1, 1], 'always': [2, 2, 2, 2], 'meet': [1, 1, 1, 1], 'am':
[6, 11, 4, 13, 3, 11, 3, 12, 5], 'lower': [2, 2, 2, 2, 2, 2, 4], 'take': [1, 3,
2, 3, 2, 2, 2, 2, 3], 'buffon': [1, 1, 1, 1], 'are': [5, 5, 2, 4, 5, 5, 4, 6,
4], 'every': [1, 1, 1, 1], 'stupider': [1, 1, 1, 1], 'longed': [1, 1, 1, 1, 1,
1, 2], 'revenge': [1, 1, 1, 1, 1, 1, 1, 1], 'everone': [1, 1, 1, 1],
'unseemliness': [1, 1, 1, 1], 'suddenly': [1, 1, 1, 1, 1, 1, 1, 1], 'recalled':
[1, 1, 1, 1], 'how': [2, 5, 1, 6, 1, 4, 2, 5, 2], 'past': [1, 1, 1, 1], 'asked':
[1, 1, 1, 1], 'hate': [1, 1, 1, 1, 1, 1, 1, 1], 'answered': [1, 1, 1, 1],
'shaemless': [1, 1, 1, 1], 'impudence': [1, 1, 1, 1], 'tell': [1, 1, 1, 1],
'done': [1, 1, 1, 1], 'harm': [1, 1, 1, 1], 'dirty': [1, 1, 1, 1], 'trick': [1,
1, 1, 1], 'ever': [1, 2, 1, 2, 1, 2, 2, 1], 'since': [2, 2, 2, 2], 'hated': [1,
1, 1, 1], 'rememebering': [1, 1, 1, 1], 'now': [3, 5, 3, 4, 5, 3, 4, 4, 5],
'smiled': [1, 1, 1, 1], 'quietly': [1, 1, 1, 1], 'malignently': [1, 1, 1, 1],
'hesitating': [1, 1, 1, 1], 'eyes': [1, 1, 1, 1], 'gleamed': [1, 1, 1, 1],
'lips': [1, 1, 1, 1, 1, 1, 2], 'positively': [3, 3, 1, 2, 3], 'quivered': [1, 1,
1, 1], 'begun': [1, 2, 1, 2, 1, 2, 2, 1], 'may': [1, 1, 1, 1, 1, 1, 1, 1],
'decided': [1, 1, 1, 1], 'predominant': [1, 1, 1, 1], 'sensation': [1, 1, 1, 1],
'expresed': [1, 1, 1, 1], 'folowing': [1, 1, 1, 1], 'rehabilitating': [1, 1, 1,
1], 'myself': [1, 2, 1, 2, 1, 1, 1, 2, 1], 'worht': [1, 1, 1, 1], 'will': [6,
11, 3, 15, 2, 14, 3, 8, 10], 'dont': [1, 2, 1, 2, 1, 2, 2, 1], 'care': [1, 2, 1,
2, 1, 2, 3], 'think': [1, 1, 1, 1], 'thats': [2, 1, 1, 2, 1, 2, 3], 'told': [1,
1, 1, 1], 'caochman': [1, 1, 1, 1], 'wait': [1, 1, 1, 1], 'while': [2, 2, 1, 3,
1, 3, 4], 'rapid': [1, 1, 1, 1], 'returnd': [1, 1, 1, 1], 'staight': [1, 1, 1,
1], 'clear': [1, 1, 1, 1], 'control': [1, 1, 1, 1], 'touch': [1, 1, 1, 1, 1, 1,
1, 1], 'drive': [1, 1, 1, 1, 1, 1, 1, 1], 'utmost': [1, 1, 1, 1], 'limits': [1,
1, 1, 1], 'obsenity': [2, 2, 2, 2], 'criminal': [1, 1, 1, 1], 'couldbe': [1, 1,
1, 1], 'legally': [1, 1, 1, 1], 'punished': [1, 1, 1, 1], 'resort': [1, 1, 1,
1], 'restrain': [1, 1, 1, 1], 'marvelled': [1, 1, 1, 1], 'score': [1, 1, 1, 1],
'sometimes': [1, 1, 1, 1, 1, 1, 2], 'appeered': [1, 1, 1, 1, 1, 1, 1, 1],
'prayer': [2, 2, 1, 1, 2], 'moving': [1, 1, 1, 1], 'standing': [1, 1, 1, 1],
'doorway': [1, 1, 1, 1], 'scanned': [1, 1, 1, 1], 'company': [1, 1, 1, 1],
'laughing': [1, 1, 1, 1, 1, 1, 1, 1], 'prolonged': [1, 1, 1, 1], 'impudent': [1,
1, 1, 1], 'malicius': [1, 1, 1, 1, 1, 1, 2], 'chuckle': [1, 1, 1, 1], 'looked':
[1, 1, 1, 1], 'boldly': [1, 1, 1, 1], 'thought': [1, 1, 1, 1], 'gone': [1, 1, 1,
1], 'cried': [4, 3, 3, 4, 1, 5, 1, 6, 1], 'wholle': [1, 1, 1, 1], 'everyone':
[2, 1, 2, 1, 3, 3], 'stared': [1, 2, 1, 1, 1, 1], 'withot': [1, 1, 1, 1],
'someting': [1, 1, 1, 1], 'revolting': [1, 1, 1, 1], 'grotescue': [1, 1, 1, 1],
'scandalous': [1, 1, 1, 1], 'happen': [1, 1, 1, 1], 'passed': [1, 1, 1, 1],
'immeditaely': [1, 1, 1, 1], 'from': [3, 7, 2, 9, 1, 7, 4, 5, 6], 'benevolen':
[1, 1, 1, 1], 'frame': [1, 1, 1, 1], 'mind': [1, 2, 1, 2, 3, 3], 'savage': [1,
1, 1, 1], 'feelings': [1, 1, 1, 1], 'subsided': [1, 1, 1, 1], 'died': [1, 1, 1,
1, 2, 2], 'down': [1, 2, 1, 2, 3, 3], 'heart': [2, 1, 2, 1, 3, 3], 'revived':
[1, 1, 1, 1], 'instantly': [1, 1, 1, 1], 'cannot': [6, 6, 6, 6], 'endure': [1,
1, 1, 1], 'absolutly': [1, 1, 1, 1], 'certainly': [1, 1, 1, 1], 'blood': [1, 1,
1, 1], 'rushed': [1, 1, 1, 1, 2, 1, 1], 'stammered': [1, 1, 1, 1], 'beyyond':
[1, 1, 1, 1], 'thinking': [1, 1, 1, 1], 'seized': [1, 1, 1, 1], 'hat': [1, 1, 1,
1], 'absolutely': [1, 1, 1, 1], 'certanly': [1, 1, 1, 1], 'reverence': [2, 1, 1,
2, 2], 'or': [1, 1, 1, 1, 1, 1, 1, 1], 'recieve': [1, 1, 1, 1], 'welcome': [1,
1, 1, 1], 'my': [2, 14, 1, 15, 16, 9, 7], 'answerred': [1, 1, 1, 1], 'added':
[1, 1, 1, 1], 'venture': [1, 1, 1, 1], 'beg': [1, 1, 1, 1, 2, 1, 1], 'earnesly':
[1, 1, 1, 1], 'lay': [1, 1, 1, 1], 'dissentions': [1, 1, 1, 1], 'united': [1, 1,
1, 1], 'love': [1, 1, 1, 1], 'family': [2, 1, 1, 2, 3, 3], 'harmoni': [1, 1, 1,
1], 'lord': [1, 1, 1, 1, 2, 2], 'humble': [1, 1, 1, 1], 'impossible': [3, 1, 2,
3, 3], 'cryed': [1, 1, 1, 1], 'beside': [1, 1, 1, 1], 'pyotr': [3, 4, 7, 7, 6,
1], 'alexandrovitch': [3, 4, 7, 7, 6, 1], 'stop': [1, 1, 1, 1], 'came': [1, 1,
2, 2, 2], 'keep': [1, 1, 2, 2, 1, 1], 'everywere': [1, 1, 1, 1], 'remain': [2,
2, 2, 2], 'stung': [1, 1, 1, 1], 'said': [1, 4, 5, 5, 5], 'harmony': [1, 1, 1,
1], 'does': [1, 1, 1, 1], 'admit': [1, 1, 1, 1], 'realtion': [1, 1, 1, 1],
'right': [1, 2, 3, 3, 3], 'isnt': [1, 1, 2, 2, 2], 'von': [9, 8, 1, 17, 1, 12,
6, 10, 8], 'sohn': [8, 8, 16, 11, 5, 9, 7], 'heres': [1, 1, 1, 1], 'mean': [2,
2, 2, 2], 'mutered': [1, 1, 1, 1], 'puzzled': [1, 1, 1, 1], 'cuold': [1, 1, 1,
1], 'either': [1, 1, 1, 1], 'know': [1, 3, 4, 4, 4], 'famos': [1, 1, 1, 1],
'murder': [1, 1, 1, 1], 'killed': [2, 2, 2, 2], 'house': [1, 1, 1, 1],
'harlotry': [1, 1, 1, 1], 'believe': [1, 1, 1, 1], 'such': [1, 1, 2, 1, 1, 1,
1], 'places': [1, 1, 1, 1], 'called': [1, 1, 1, 1], 'among': [1, 1, 1, 1],
'robed': [1, 1, 1, 1], 'spite': [1, 1, 1, 1], 'venarable': [1, 1, 1, 1], 'age':
[1, 2, 3, 3, 1, 2], 'nailed': [1, 1, 1, 1], 'up': [2, 7, 8, 1, 7, 2, 7, 2],
'box': [1, 2, 3, 1, 2, 1, 2], 'sent': [1, 3, 4, 3, 1, 2, 2], 'petersburg': [1,
1, 1, 1], 'moscow': [1, 1, 1, 1], 'lugage': [1, 1, 1, 1], 'van': [1, 1, 1, 1],
'nailling': [1, 1, 1, 1], 'harlots': [1, 1, 1, 1], 'sang': [1, 1, 1, 1],
'songs': [1, 1, 1, 1], 'harp': [1, 1, 1, 1], 'piano': [1, 1, 1, 1], 'solin': [1,
1, 1, 1], 'risen': [1, 1, 2, 1, 1, 1, 1], 'dead': [1, 1, 2, 1, 1, 1, 1],
'hasnt': [1, 1, 1, 1], 'happening': [1, 1, 1, 1], 'whats': [1, 1, 1, 1],
'voices': [1, 1, 1, 1], 'heard': [1, 1, 1, 1], 'groop': [1, 1, 1, 1],
'addresing': [1, 1, 1, 1], 'excuse': [1, 1, 1, 1], 'broke': [1, 1, 1, 1],
'shrilly': [1, 1, 1, 1], 'taking': [2, 2, 2, 1, 1], 'another': [2, 2, 1, 1, 1,
1], 'stepinto': [1, 1, 1, 1], 'allow': [2, 2, 2, 2], 'finis': [1, 1, 1, 1],
'blamed': [1, 1, 1, 1], 'behaving': [1, 1, 1, 1], 'disrespectfuly': [1, 1, 1,
1], 'spoke': [2, 2, 2, 1, 1], 'eating': [2, 2, 2, 2], 'gudgeon': [3, 3, 3, 3],
'relation': [1, 1, 1, 1], 'prefers': [1, 1, 1, 1], 'plus': [2, 2, 2, 2], 'de':
[4, 4, 4, 4], 'noblesse': [3, 3, 3, 3], 'que': [2, 2, 2, 2], 'sincerite': [2, 2,
2, 2], 'prefer': [1, 1, 1, 1], 'mine': [1, 1, 1, 1], 'damn': [1, 1, 1, 1],
'soul': [3, 3, 3, 3], 'want': [4, 4, 4, 4], 'speak': [3, 3, 3, 3], 'yes': [1, 1,
1, 1], 'honour': [1, 1, 1, 1], 'wounded': [1, 1, 1, 1], 'vanity': [1, 1, 1, 1],
'look': [5, 5, 4, 1, 4, 1], 'alexey': [4, 4, 3, 1, 2, 2], 'saved': [1, 1, 1, 1],
'welfare': [1, 1, 1, 1], 'duty': [1, 1, 1, 1], 'playing': [1, 1, 1, 1], 'fool':
[1, 1, 1, 1], 'listening': [1, 1, 1, 1], 'havig': [1, 1, 1, 1], 'sly': [1, 1, 1,
1], 'give': [2, 2, 2, 1, 1], 'act': [2, 2, 2, 1, 1], 'performence': [1, 1, 1,
1], 'falls': [1, 1, 1, 1], 'lies': [2, 2, 2, 2], 'falen': [1, 1, 1, 1], 'lie':
[4, 4, 2, 2, 1, 3], 'bit': [3, 2, 1, 2, 1, 2, 1], 'get': [3, 1, 3, 1, 2, 2, 1,
3], 'holy': [3, 3, 3, 3], 'indignent': [1, 1, 1, 1], 'confession': [3, 3, 3, 3],
'sacrament': [2, 2, 2, 2], 'bow': [2, 2, 2, 2], 'kneal': [1, 1, 1, 1],
'confess': [3, 3, 3, 3], 'can': [4, 4, 3, 1, 3, 1], 'ordained': [1, 1, 1, 1],
'fathers': [8, 8, 8, 6, 2], 'sercet': [1, 1, 1, 1], 'mystery': [1, 1, 1, 1],
'explain': [1, 1, 1, 1], 'did': [7, 1, 6, 2, 2, 6, 2, 5], 'proper': [1, 1, 1,
1], 'talk': [2, 2, 2, 2], 'scandal': [1, 1, 1, 1], 'along': [1, 1, 1, 1],
'flagellants': [1, 1, 1, 1], 'dare': [1, 1, 1, 1], 'att': [1, 1, 1, 1], 'first':
[1, 1, 1, 1], 'opportunity': [1, 1, 1, 1], 'shall': [2, 2, 2, 2, 2, 2, 2, 2],
'write': [1, 1, 1, 1], 'synod': [1, 1, 1, 1], 'note': [1, 1, 1, 1], 'whree': [1,
1, 1, 1], 'weak': [1, 1, 1, 1], 'spot': [2, 2, 1, 1, 1, 1], 'rumors': [1, 1, 1,
1], 'archbishop': [1, 1, 1, 1], 'regarding': [1, 1, 1, 1], 'others': [1, 1, 1,
1], 'instutition': [1, 1, 1, 1], 'existed': [1, 1, 1, 1], 'respect': [1, 1, 1,
1], 'paid': [1, 1, 1, 1], 'detrement': [1, 1, 1, 1], 'auhtority': [1, 1, 1, 1],
'abused': [1, 1, 1, 1], 'absurd': [2, 2, 2, 2], 'charges': [1, 1, 1, 1],
'themselves': [1, 1, 1, 1], 'spirit': [1, 1, 1, 1], 'folly': [1, 1, 1, 1],
'caught': [1, 1, 1, 1], 'bearring': [1, 1, 1, 1], 'curent': [1, 1, 1, 1],
'nerves': [1, 1, 1, 1], 'depths': [1, 1, 1, 1], 'ignominy': [1, 1, 1, 1],
'prompted': [1, 1, 1, 1], 'slander': [1, 1, 1, 1], 'put': [2, 2, 1, 1, 1, 1],
'sensibly': [1, 1, 1, 1], 'occasion': [1, 1, 1, 1], 'kneelling': [1, 1, 1, 1],
'confesing': [1, 1, 1, 1], 'seen': [1, 1, 1, 1], 'anything': [1, 1, 1, 1],
'kind': [1, 1, 1, 1], 'speaking': [1, 1, 1, 1], 'confused': [1, 1, 1, 1],
'memory': [1, 1, 1, 1], 'slanders': [1, 1, 1, 1], 'soon': [1, 1, 1, 1],
'uttered': [2, 2, 2, 2], 'foolish': [1, 1, 1, 1], 'tirade': [1, 1, 1, 1],
'talking': [2, 2, 2, 2], 'nonsense': [2, 2, 2, 2], 'prove': [1, 1, 1, 1],
'audiance': [1, 1, 1, 1], 'above': [1, 1, 1, 1], 'perfectily': [1, 1, 1, 1],
'each': [1, 1, 1, 1], 'adding': [1, 1, 1, 1], 'morre': [1, 1, 1, 1],
'absurdity': [1, 1, 1, 1], 'restrian': [1, 1, 1, 1], 'plunged': [1, 1, 1, 1],
'forward': [1, 1, 1, 1], 'blindly': [1, 1, 1, 1], 'disgraveful': [1, 1, 1, 1],
'pardon': [1, 1, 1, 1], 'agains': [1, 1, 1, 1], 'evil': [1, 1, 1, 1], 'sayings':
[1, 1, 1, 1], 'hearing': [1, 1, 1, 1], 'correcsion': [1, 1, 1, 1], 'heal': [1,
1, 1, 1], 'vain': [1, 1, 1, 1], 'humbely': [1, 1, 1, 1], 'thank': [1, 1, 1, 1],
'honored': [1, 1, 1, 1, 1, 1, 1, 1], 'geust': [1, 1, 1, 1], 'low': [1, 1, 1, 1],
'tut': [6, 6, 6, 3, 3], 'sanctimoniuosness': [1, 1, 1, 1], 'stock': [1, 1, 1,
1], 'phrases': [1, 1, 1, 1], 'phrasses': [1, 1, 1, 1], 'gestures': [1, 1, 1, 1],
'formal': [1, 1, 1, 1], 'prostratoins': [1, 1, 1, 1], 'kisss': [1, 1, 1, 1],
'dagger': [1, 1, 1, 1], 'schillers': [1, 1, 1, 1], 'robbers': [1, 1, 1, 1],
'falsehood': [1, 1, 1, 1], 'truth': [1, 1, 1, 1], 'trut': [1, 1, 1, 1],
'proclam': [1, 1, 1, 1], 'fast': [2, 2, 2, 2], 'expect': [1, 1, 1, 1], 'reward':
[3, 3, 3, 3], 'heaven': [1, 1, 1, 1], 'saintly': [1, 1, 1, 1], 'try': [1, 1, 1,
1], 'vittuous': [1, 1, 1, 1], 'world': [1, 1, 1, 1], 'society': [1, 1, 1, 1],
'shuting': [1, 1, 1, 1], 'yourself': [2, 2, 1, 1, 1, 1], 'peoples': [1, 1, 1,
1], 'expense': [1, 1, 1, 1], 'expecting': [1, 1, 1, 1], 'aloft': [1, 1, 1, 1],
'youll': [1, 1, 1, 1], 'find': [1, 1, 1, 1], 'taht': [1, 1, 1, 1], 'harder': [1,
1, 1, 1], 'sense': [1, 1, 1, 1], 'port': [1, 1, 1, 1], 'brewed': [1, 1, 1, 1],
'eliseyev': [1, 1, 1, 1], 'brothers': [1, 1, 1, 1], 'fie': [2, 2, 2, 2],
'something': [1, 1, 1, 1], 'beyond': [1, 1, 1, 1], 'provided': [1, 1, 1, 1],
'russian': [1, 1, 1, 1], 'peasant': [1, 1, 1, 1], 'laborer': [1, 1, 1, 1],
'brings': [1, 1, 1, 1], 'farthing': [1, 1, 1, 1], 'earned': [1, 1, 1, 1],
'horny': [1, 1, 1, 1], 'wringing': [1, 1, 1, 1], 'taxgaterer': [1, 1, 1, 1],
'bleed': [1, 1, 1, 1], 'kept': [3, 3, 1, 2, 3], 'obsinately': [1, 1, 1, 1],
'silent': [2, 1, 1, 2, 1, 2, 3], 'kalgonov': [1, 1, 1, 1], 'afetr': [1, 1, 1,
1], 'follow': [3, 3, 2, 1, 3], 'coming': [1, 1, 1, 1], 'knees': [1, 1, 1, 1],
'shant': [1, 1, 1, 1], 'thousand': [2, 2, 2, 2], 'roubles': [1, 1, 1, 1], 'eye':
[1, 1, 1, 1], 'youth': [1, 1, 1, 1], 'humillition': [1, 1, 1, 1], 'endured': [1,
1, 1, 1], 'thumped': [1, 1, 1, 1], 'fist': [1, 1, 1, 1], 'paroxysm': [1, 1, 1,
1], 'simulated': [2, 2, 2, 2], 'feelling': [1, 1, 1, 1], 'life': [1, 1, 1, 1],
'cost': [1, 1, 1, 1], 'bitter': [2, 2, 2, 2], 'tears': [1, 1, 1, 1], 'used': [1,
1, 1, 1], 'set': [1, 1, 1, 1], 'wife': [1, 1, 1, 1], 'crazy': [1, 1, 1, 1],
'against': [1, 1, 1, 1], 'cursed': [1, 1, 1, 1], 'bell': [1, 1, 1, 1], 'book':
[1, 1, 1, 1], 'spread': [1, 1, 1, 1], 'stories': [1, 1, 1, 1], 'enough': [2, 1,
1, 1, 1, 2], 'liberalizm': [1, 1, 1, 1], 'steamers': [1, 1, 1, 1], 'reilways':
[1, 1, 1, 1], 'hundred': [2, 2, 2, 2], 'ruobles': [1, 1, 1, 1], 'farthings': [1,
1, 1, 1], 'never': [2, 2, 2, 2], 'liffe': [1, 1, 1, 1], 'shed': [1, 1, 1, 1],
'tear': [2, 2, 1, 1, 2], 'owing': [1, 1, 1, 1], 'emotion': [1, 1, 1, 1],
'momant': [1, 1, 1, 1], 'allmost': [2, 2, 1, 1, 2], 'beliefing': [1, 1, 1, 1],
'touched': [1, 1, 1, 1], 'almost': [1, 1, 1, 1], 'weeping': [1, 1, 1, 1],
'instant': [1, 1, 1, 1], 'draw': [1, 1, 1, 1], 'malicious': [1, 1, 1, 1],
'impressively': [1, 1, 1, 1], 'writen': [1, 1, 1, 1], 'bear': [1, 1, 1, 1],
'circumspecly': [1, 1, 1, 1], 'gladly': [1, 1, 1, 1], 'dishonor': [1, 1, 1, 1],
'cometh': [1, 1, 1, 1], 'upon': [1, 1, 1, 1], 'thee': [2, 2, 2, 2], 'thine': [1,
1, 1, 1], 'confounded': [1, 1, 1, 1], 'hath': [1, 1, 1, 1], 'dishonored': [1, 1,
1, 1], 'bethinking': [1, 1, 1, 1], 'thyself': [1, 1, 1, 1], 'rest': [2, 1, 1, 1,
1, 2], 'rigmarole': [1, 1, 1, 1], 'bethink': [1, 1, 1, 1], 'yourselfs': [1, 1,
1, 1], 'parental': [1, 1, 1, 1], 'authority': [1, 1, 1, 1], 'dutiful': [1, 1, 1,
1], 'permit': [1, 1, 1, 1], 'order': [1, 1, 1, 1], 'stay': [1, 1, 1, 1], 'town':
[1, 1, 1, 1], 'fun': [2, 2, 1, 1, 2], 'verst': [1, 1, 1, 1], 'instead': [1, 1,
1, 1], 'lenten': [1, 1, 1, 1], 'oil': [1, 1, 1, 1], 'suckingpig': [1, 1, 1, 1],
'kasha': [1, 1, 1, 1], 'brendy': [1, 1, 1, 1], 'liqueur': [1, 1, 1, 1],
'cloudberry': [1, 1, 1, 1], 'wyne': [1, 1, 1, 1], 'hey': [1, 1, 1, 1], 'lose':
[1, 1, 1, 1], 'chance': [1, 1, 1, 1], 'shuoting': [1, 1, 1, 1], 'gesticulating':
[1, 1, 1, 1], 'saw': [2, 2, 2, 2], 'pointed': [1, 1, 1, 1], 'shouted': [2, 2, 2,
2], 'far': [1, 1, 1, 1], 'off': [1, 1, 1, 1], 'cacthing': [1, 1, 1, 1], 'sight':
[1, 1, 1, 1], 'today': [1, 1, 1, 1], 'bring': [1, 1, 1, 1], 'pilow': [1, 1, 1,
1], 'matress': [1, 1, 1, 1], 'leeve': [1, 1, 1, 1], 'trace': [1, 1, 1, 1],
'behind': [1, 1, 1, 1], 'rooted': [1, 1, 1, 1], 'wacthing': [1, 1, 1, 1],
'scene': [2, 2, 2, 2], 'silense': [1, 1, 1, 1], 'meanwhile': [1, 1, 1, 1],
'carriege': [1, 1, 1, 1], 'grim': [1, 1, 1, 1], 'silance': [1, 1, 1, 1],
'turnin': [1, 1, 1, 1], 'goodbye': [1, 1, 1, 1], 'point': [1, 1, 1, 1],
'incrediple': [1, 1, 1, 1], 'grotesque': [1, 1, 1, 1], 'buffoonery': [1, 1, 1,
1], 'gave': [2, 2, 2, 2], 'finishng': [1, 1, 1, 1], 'episode': [1, 1, 1, 1],
'side': [1, 1, 1, 1], 'ran': [1, 1, 1, 1], 'panting': [1, 1, 1, 1], 'afraid':
[1, 1, 1, 1], 'late': [1, 1, 1, 1], 'runing': [1, 1, 1, 1], 'hurry': [1, 1, 1,
1], 'impatiense': [1, 1, 1, 1], 'foot': [2, 2, 2, 2], 'step': [1, 1, 1, 1],
'ivans': [1, 1, 1, 1], 'resting': [1, 1, 1, 1], 'clucthing': [1, 1, 1, 1],
'tryng': [1, 1, 1, 1], 'jump': [3, 3, 3, 3], 'shouting': [1, 1, 1, 1],
'mirthfull': [1, 1, 1, 1], 'laugh': [1, 1, 1, 1], 'reckless': [1, 1, 1, 1],
'glee': [1, 1, 1, 1], 'delihted': [1, 1, 1, 1], 'waz': [1, 1, 1, 1], 'iz': [1,
1, 1, 1], 'brazenfaced': [1, 1, 1, 1], 'fellow': [2, 1, 1, 2, 2], 'surprized':
[1, 1, 1, 1], 'brother': [1, 1, 1, 1], 'pass': [1, 1, 1, 1], 'somwhere': [1, 1,
1, 1], 'feet': [2, 2, 2, 2], 'perch': [1, 1, 1, 1], 'coachman': [2, 2, 2, 2],
'skipp': [1, 1, 1, 1], 'taken': [1, 1, 1, 1], 'seat': [1, 1, 1, 1], 'voilent':
[1, 1, 1, 1], 'punch': [1, 1, 1, 1], 'breast': [1, 1, 1, 1], 'flying': [1, 1, 1,
1], 'chanse': [1, 1, 1, 1], 'angryly': [1, 1, 1, 1], 'doing': [1, 1, 1, 1],
'abuot': [1, 1, 1, 1], 'protested': [1, 1, 1, 1], 'cariage': [1, 1, 1, 1],
'driven': [1, 1, 1, 1], 'reply': [1, 1, 1, 1], 'siad': [1, 1, 1, 1], 'pouse':
[1, 1, 1, 1], 'minutes': [2, 2, 2, 2], 'looking': [1, 1, 1, 1], 'askance': [1,
1, 1, 1], 'busines': [1, 1, 1, 1], 'urged': [1, 1, 1, 1], 'approvved': [1, 1, 1,
1], 'angry': [1, 1, 1, 1], 'youve': [1, 1, 1, 1], 'talked': [1, 1, 1, 1], 'rot':
[1, 1, 1, 1], 'snaped': [1, 1, 1, 1], 'sullenly': [1, 1, 1, 1], 'brandy': [1, 1,
1, 1], 'nice': [1, 1, 1, 1], 'observd': [1, 1, 1, 1], 'sententiosly': [1, 1, 1,
1], 'repsonse': [1, 1, 1, 1], 'waited': [1, 1, 1, 1], 'anohter': [1, 1, 1, 1],
'minites': [1, 1, 1, 1], 'dislike': [1, 1, 1, 1], 'karl': [1, 1, 1, 1], 'moor':
[1, 1, 1, 1], 'shruged': [1, 1, 1], 'shuolders': [1, 1, 1], 'contemptuosly': [1,
1, 1], 'turning': [1, 1, 1], 'road': [1, 1, 1], 'speek': [1, 1, 1]})